11.995941	21.071434
11.996031	20.359755
11.996201	19.545555
11.996085	19.590855
11.996029	19.372702
11.996132	19.656420
11.996151	19.643307
11.996094	20.071268
11.996142	20.250082
11.996300	21.467209
11.996250	21.181107
11.996194	21.743774
11.996316	21.682978
11.996222	21.831989
11.996248	22.037029
11.996217	22.054911
11.996315	22.270679
11.996305	22.348166
11.996322	22.122860
11.996295	22.346973
11.996178	22.307634
11.996304	22.476912
11.996273	22.758245
11.996198	22.578239
11.996354	22.716522
11.996325	22.690296
11.996318	22.746325
11.996301	23.142099
11.996322	23.415089
11.996256	23.531914
11.996327	23.789406
11.996349	23.496151
11.996308	23.995638
11.996339	23.732185
11.996270	23.937225
11.996338	23.684502
11.996194	23.703575
11.996324	23.832321
11.996503	23.577213
11.996370	23.760796
11.996329	23.946762
11.996392	23.707151
11.996367	23.692846
11.996261	23.769140
11.996370	23.467541
11.996301	23.484230
11.996440	23.193359
11.996275	23.148060
11.996343	23.307800
11.996330	23.235083
11.996337	23.291111
11.996348	23.157597
11.996216	23.000240
11.996259	23.026466
11.996301	23.159981
11.996337	22.867918
11.996363	22.865534
11.996380	22.449493
11.996365	22.505522
11.996402	22.636652
11.996326	22.742748
11.996288	22.562742
11.996246	22.662878
11.996247	22.615194
11.996324	22.375584
11.996311	22.314787
11.996389	22.332668
11.996363	22.161007
11.996314	22.453070
11.996269	22.315979
11.996337	22.454262
11.996285	22.538900
11.996284	22.411346
11.996100	22.615194
11.995809	22.516251
11.995883	22.255182
11.995791	22.364855
11.995776	22.239685
11.995750	22.485256
11.995741	22.662878
11.995897	22.476912
11.995581	22.546053
11.995352	22.749901
11.995333	22.392273
11.995291	22.484064
11.995348	22.467375
11.995245	22.494793
11.995311	22.721291
11.995304	22.629499
11.994748	22.524595
11.994700	22.726059
11.994839	22.468567
11.994699	22.578239
11.994726	22.729635
11.994782	22.728443
11.994532	22.695065
11.994325	22.917986
11.994217	22.774935
11.994151	22.861958
11.994288	22.962093
11.994142	22.673607
11.994170	22.662878
11.994184	22.867918
11.993891	22.511482
11.993803	22.642612
11.993698	22.654533
11.993787	22.492409
11.993282	22.621155
11.993155	22.324324
11.993314	22.325516
11.993140	22.747517
11.993103	22.548437
11.993156	22.879839
11.993220	22.637844
11.993146	22.419691
11.992833	22.648573
11.992625	22.633076
11.992647	22.870302
11.992606	22.741556
11.992297	22.511482
11.992157	22.542477
11.992205	22.501945
11.992034	22.323132
11.992186	22.635460
11.992083	22.479296
11.992060	22.602081
11.991991	22.795200
11.991811	22.542477
11.991613	22.494793
11.991574	22.693872
11.991586	22.431612
11.991315	22.575855
11.991082	22.443533
11.991035	22.383928
11.991041	22.646189
11.991018	22.709370
11.991069	22.662878
11.991155	22.876263
11.991085	22.681952
11.990758	22.825003
11.990178	23.057461
11.990095	22.888184
11.990049	23.074150
11.989936	22.987127
11.989557	22.774935
11.989534	22.915602
11.989520	22.844076
11.989170	22.752285
11.989117	23.056269
11.988974	22.848845
11.989074	22.888184
11.989025	23.305416
11.988794	22.860765
11.989044	23.044348
11.989066	23.189783
11.988868	22.902489
11.988582	23.090839
11.988532	22.763014
11.988536	22.779703
11.988385	23.043156
11.987991	23.049116
11.988021	23.061037
11.988040	23.168325
11.987530	22.976398
11.987483	22.839308
11.987392	22.945404
11.987326	23.046732
11.987017	22.791624
11.986979	22.729635
11.986978	22.662878
11.986944	22.395849
11.986948	22.518635
11.986877	22.462606
11.987088	22.386312
11.986939	22.648573
11.986404	22.484064
11.985888	22.487640
11.985968	22.311211
11.985896	22.054911
11.985777	22.153854
11.985461	22.262335
11.985469	22.113323
11.985379	22.156239
11.985001	22.008419
11.984986	21.939278
11.984836	22.192001
11.984843	22.212267
11.984677	22.091866
11.984317	22.344589
11.984328	22.197962
11.984262	22.219419
11.984018	22.234917
11.983931	21.990538
11.983790	22.225380
11.983740	22.169352
11.983521	22.170544
11.983291	22.455454
11.983283	22.292137
11.982890	22.457838
11.982807	22.343397
11.982704	22.463799
11.982792	22.737980
11.982308	22.686720
11.982171	22.743940
11.982167	22.801161
11.982302	22.599697
11.981900	22.721291
11.981640	22.724867
11.981783	22.878647
11.981600	23.111105
11.981354	22.873878
11.981257	23.009777
11.981211	23.188591
11.981242	23.056269
11.980514	23.282766
11.980643	23.417473
11.980716	23.165941
11.980759	23.252964
11.980233	23.132563
11.980107	23.150444
11.980097	23.341179
11.980073	23.465157
11.979694	23.373365
11.979694	23.609400
11.979038	23.036003
11.978685	22.994280
11.978499	23.320913
11.978541	23.204088
11.978398	23.074150
11.978166	23.242235
11.978104	23.071766
11.977953	22.950172
11.977837	23.124218
11.977604	22.894144
11.977478	22.808313
11.977481	22.939444
11.977213	22.585392
11.977065	22.619963
11.977015	22.454262
11.976919	22.615194
11.976679	22.681952
11.976626	22.401810
11.976329	22.380352
11.976480	22.382736
11.975955	22.164583
11.975471	22.120476
11.975367	21.882057
11.975512	21.846294
11.975113	22.006035
11.974819	21.580458
11.974887	21.525621
11.974839	21.948814
11.974489	21.730661
11.974267	21.842718
11.974201	21.971464
11.974345	21.781921
11.974006	21.998882
11.973843	21.886826
11.973884	21.656752
11.973749	21.911860
11.973450	21.780729
11.973216	21.727085
11.973255	22.026300
11.973253	21.830797
11.972870	22.079945
11.972735	22.175312
11.972763	22.032261
11.972647	21.964312
11.972067	22.151470
11.971806	21.789074
11.971675	21.700859
11.971375	22.069216
11.971277	21.986961
11.971094	21.884441
11.971115	21.952391
11.970925	21.815300
11.970727	21.557808
11.970607	22.176504
11.970664	22.054911
11.970290	22.137165
11.970157	21.859407
11.970143	21.935701
11.969665	22.164583
11.968917	21.836758
11.968578	21.890402
11.968527	21.822453
11.968495	21.680593
11.968194	22.119284
11.968049	21.756887
11.968094	21.810532
11.968036	22.271872
11.967539	22.263527
11.966931	22.474527
11.967007	22.721291
11.966993	22.820234
11.966191	22.714138
11.965959	23.094416
11.965845	23.132563
11.965883	22.987127
11.965450	23.015738
11.965371	22.988319
11.965297	22.929907
11.965304	23.231506
11.964990	23.177862
11.964794	23.452044
11.964838	23.493767
11.964756	23.401976
11.963784	23.524761
11.963919	23.505688
11.963840	23.393631
11.963598	23.393631
11.963418	23.435354
11.963195	23.252964
11.963239	23.289919
11.963008	23.539066
11.962869	23.300648
11.962828	23.388863
11.962844	23.394823
11.962173	23.173094
11.961838	23.396015
11.961692	23.050308
11.961509	23.148060
11.961457	23.349524
11.961217	23.372173
11.961102	23.510456
11.961135	23.548603
11.960846	23.381710
11.960720	23.585558
11.960696	23.455620
11.960593	23.438931
11.959787	23.331642
11.959540	23.518801
11.959693	23.307800
11.959657	23.415089
11.959176	23.375750
11.958995	23.509264
11.959038	23.621321
11.959081	23.558140
11.958330	23.868084
11.957999	23.773909
11.958032	23.665428
11.957900	23.683310
11.957580	23.534298
11.957533	23.624897
11.957425	24.040937
11.957431	23.937225
11.957071	24.175644
11.956835	24.386644
11.956919	24.247169
11.956950	24.421215
11.956000	24.662018
11.955798	24.558306
11.955759	24.672747
11.955752	24.931431
11.955301	24.679899
11.955361	24.898052
11.955132	24.874210
11.954882	24.892092
11.954422	25.115013
11.954286	25.135279
11.954255	25.254488
11.954037	25.458336
11.953843	25.283098
11.953840	25.435686
11.953619	25.491714
11.953388	25.269985
11.953235	25.352240
11.953259	25.382042
11.953100	25.439262
11.952324	25.252104
11.952305	25.402308
11.952217	25.311708
11.952088	25.026798
11.951718	25.019646
11.951654	24.927855
11.950628	24.741888
11.950628	24.995804
11.950180	24.863482
11.950085	24.663210
11.950091	24.725199
11.950101	24.815798
11.949183	24.635792
11.949049	24.783611
11.949076	24.751425
11.948962	24.856329
11.948564	24.905205
11.948434	24.887323
11.948380	25.129318
11.948525	25.249720
11.947781	24.971962
11.947469	25.116205
11.947499	25.264025
11.947406	25.086403
11.947103	25.218725
11.947024	25.026798
11.946991	25.106668
11.947009	25.546551
11.946254	25.501251
11.945976	25.509596
11.945888	25.676489
11.945900	25.362968
11.945399	25.479794
11.945171	25.433302
11.945309	25.415421
11.945247	25.556087
11.944556	25.259256
11.944344	25.330782
11.944371	25.538206
11.944233	25.562048
11.943969	25.517941
11.943876	25.695562
11.943786	25.514364
11.943413	25.633574
11.943056	25.556087
11.942834	25.312901
11.942681	25.447607
11.942515	25.421381
11.942259	25.174618
11.942177	25.255680
11.942243	25.254488
11.941690	25.062561
11.941193	25.318861
11.941012	25.119781
11.941126	25.113821
11.940972	25.138855
11.940657	24.950504
11.940595	24.873018
11.940498	24.451017
11.940283	24.737120
11.939681	24.876595
11.939630	24.751425
11.939546	24.827719
11.939185	24.734735
11.938642	24.620295
11.938466	24.602413
11.938624	24.580956
11.938250	24.176836
11.938103	24.261475
11.937851	24.281740
11.938041	23.977757
11.937492	24.060011
11.937070	23.913383
11.936997	23.634434
11.936904	23.891926
11.936578	23.670197
11.936414	23.621321
11.936462	23.530722
11.936471	23.331642
11.935810	23.341179
11.935540	23.306608
11.935395	23.007393
11.935323	23.152828
11.934427	22.869110
11.934457	22.910833
11.934366	22.563934
11.933888	22.711754
11.933789	22.840500
11.933821	22.795200
11.933807	22.885799
11.932961	22.956133
11.932761	22.732019
11.932796	22.742748
11.932611	22.937059
11.932336	22.685528
11.932269	22.708178
11.932205	22.708178
11.931883	22.448301
11.931373	22.586584
11.931217	22.267103
11.931314	22.215843
11.930798	22.341013
11.930354	22.279024
11.930207	22.026300
11.930202	22.178888
11.929986	21.951199
11.929690	21.770000
11.929639	22.001266
11.929623	21.601915
11.929232	21.542311
11.928616	21.243095
11.928571	21.215677
11.928450	21.352768
11.928348	21.201372
11.928062	21.084547
11.927965	21.196604
11.927978	20.941496
11.927502	20.865202
11.927119	20.996332
11.927072	20.838976
11.926988	21.010637
11.926508	20.809174
11.925939	20.511150
11.925959	20.589828
11.925945	20.545721
11.925521	20.356178
11.925456	20.500422
11.925386	20.403862
11.925512	20.469427
11.923388	20.844936
11.922943	21.051168
11.922586	21.007061
11.922780	21.253824
11.922663	21.250248
11.921989	21.091700
11.921911	21.198988
11.921810	21.427870
11.921731	21.066666
11.920958	21.390915
11.920680	21.263361
11.920707	21.151304
11.920690	21.541119
11.920463	21.445751
11.920244	21.629333
11.920305	21.767616
11.920200	21.677017
11.919452	21.625757
11.918208	21.479130
11.918125	21.463633
11.917855	21.708012
11.917656	21.544695
11.917614	21.786690
11.917586	21.805763
11.916934	21.615028
11.916705	21.599531
11.916623	21.691322
11.916557	21.589994
11.915822	21.682978
11.915462	21.680593
11.915672	21.520853
11.915423	21.637678
11.915091	21.591187
11.914928	21.772385
11.914904	21.908283
11.914219	21.840334
11.914069	21.804571
11.913949	21.737814
11.913835	21.965504
11.913033	21.963120
11.912884	21.979809
11.912883	21.951199
11.912671	22.222996
11.912487	22.091866
11.912322	22.135973
11.912273	22.158623
11.911804	21.955967
11.911514	22.026300
11.911410	21.902323
11.911224	21.775961
11.910838	21.847486
11.910018	21.470785
11.909146	21.712780
11.909156	21.586418
11.908772	21.406412
11.908671	21.399260
11.908813	21.286011
11.908429	21.002293
11.907846	21.136999
11.907769	21.083355
11.907628	21.007061
11.907227	21.198988
11.906783	21.091700
11.906483	20.874739
11.906534	20.908117
11.906179	20.661354
11.905971	20.703077
11.906007	20.906925
11.906022	20.821095
11.905386	20.880699
11.905045	21.029711
11.904967	20.815134
11.904924	20.933151
11.904308	21.084547
11.903950	20.675659
11.903968	20.773411
11.903830	20.908117
11.902310	20.972490
11.902293	20.947456
11.901606	20.685196
11.901392	20.828247
11.901351	20.679235
11.901125	20.622015
11.900487	20.729303
11.900242	20.694733
11.900243	20.698309
11.900459	20.844936
11.899511	20.610094
11.899181	20.706654
11.899144	20.682812
11.899061	20.346642
11.898797	20.333529
11.898546	20.234585
11.898654	20.138025
11.898815	20.542145
11.897785	20.327568
11.897536	20.287037
11.897573	20.442009
11.897488	20.250082
11.896810	20.309687
11.896709	20.401478
11.896549	20.091534
11.896500	20.207167
11.895773	20.157099
11.895646	20.096302
11.895480	20.091534
11.895467	20.190477
11.894747	20.325184
11.894486	20.234585
11.894449	20.104647
11.894256	20.219088
11.893754	20.167828
11.894037	19.998550
11.893919	20.099878
11.893738	20.039082
11.892963	19.974709
11.892908	20.185709
11.893030	20.179749
11.892540	20.222664
11.892198	20.364523
11.891829	20.233393
11.891820	20.310879
11.891578	20.205975
11.890943	20.229816
11.890717	20.530224
11.890893	20.539761
11.890518	20.635128
11.890183	20.750761
11.890231	20.726919
11.890167	20.853281
11.889635	20.985603
11.889224	20.993948
11.888993	21.142960
11.889068	21.115541
11.888553	20.965338
11.887463	21.303892
11.887082	21.109581
11.886989	21.172762
11.887269	21.457672
11.886318	21.402836
11.886084	21.351576
11.886065	21.661520
11.885926	21.499395
11.885503	21.740198
11.885493	21.572113
11.883534	21.198988
11.883376	21.567345
11.883375	21.518469
11.883351	21.587610
11.882596	21.631718
11.882548	21.511316
11.882346	21.454096
11.882340	21.508932
11.881836	21.231174
11.881760	21.497011
11.881718	21.370649
11.881727	21.412373
11.881174	21.615028
11.880766	21.431446
11.880729	21.703243
11.880740	21.591187
11.879945	21.370649
11.879788	21.395683
11.879723	21.342039
11.879770	21.215677
11.878911	21.539927
11.878653	21.405220
11.878764	21.539927
11.878543	21.487474
11.878209	21.380186
11.878226	21.322966
11.878118	21.203756
11.878158	21.286011
11.877279	21.344423
11.877203	21.340847
11.877237	21.226406
11.876872	21.412373
11.876181	21.330118
11.876087	21.337271
11.876118	21.512508
11.875911	21.258593
11.875245	21.222830
11.875047	21.197796
11.874956	20.914078
11.874937	21.095276
11.873936	20.971298
11.873972	20.812750
11.873899	21.058321
11.873834	20.928383
11.873493	21.039248
11.873457	20.964146
11.873463	20.799637
11.872933	20.980835
11.872421	20.982027
11.872335	20.703077
11.872257	20.831823
11.871988	20.653009
11.871470	20.896196
11.871494	21.048784
11.871276	21.024942
11.870876	21.027327
11.870366	21.104813
11.870126	20.993948
11.870151	21.038055
11.870119	21.140575
11.869762	21.041632
11.869682	21.227598
11.869742	21.162033
11.869140	21.119118
11.868689	21.368265
11.868732	21.398067
11.868733	21.594763
11.868096	21.541119
11.867735	21.445751
11.867760	21.314621
11.867657	21.399260
11.866795	21.333694
11.866623	21.325350
11.866518	21.322966
11.866184	21.432638
11.865724	21.141768
11.865489	21.252632
11.865561	21.102428
11.865286	21.092892
11.865013	21.487474
11.864818	21.364689
11.864968	21.493435
11.864464	21.667480
11.864073	21.605492
11.864029	21.494627
11.863507	21.367073
11.863116	21.935701
11.863050	21.957159
11.862909	22.295713
11.862419	22.245646
11.861968	22.052526
11.861855	22.180080
11.861619	22.258759
11.861599	22.052526
11.860933	22.422075
11.860749	22.408962
11.860858	22.536516
11.860292	22.313595
11.859813	22.301674
11.859396	22.547245
11.859228	22.392273
11.859230	22.524595
11.858931	22.631884
11.858181	22.548437
11.858200	22.490025
11.858030	22.449493
11.857959	22.277832
11.857275	22.592545
11.856056	22.335052
11.856030	22.414923
11.855715	22.456646
11.855534	22.345781
11.855555	22.673607
11.855461	22.460222
11.855055	22.463799
11.854644	22.379160
11.854531	22.357702
11.854487	22.618771
11.853929	22.643805
11.853258	22.739172
11.853501	22.789240
11.853464	22.587776
11.852898	22.640228
11.852610	22.406578
11.852512	22.515059
11.852423	22.627115
11.852116	22.611618
11.851978	22.470951
11.851816	22.619963
11.851862	22.701025
11.851191	22.763014
11.850996	22.931099
11.850871	22.790432
11.850777	22.714138
11.850252	22.866726
11.849843	22.567511
11.849791	22.773743
11.849941	22.563934
11.849211	22.447109
11.848791	22.765398
11.848727	22.746325
11.848641	22.755861
11.848111	22.861958
11.847832	22.467375
11.847675	22.783279
11.847666	22.732019
11.847371	22.833347
11.847232	22.886992
11.847127	22.568703
11.847148	22.611618
11.846605	22.687912
11.846337	22.473335
11.846099	22.604465
11.846029	22.521019
11.845557	22.504330
11.845084	22.561550
11.845118	22.492409
11.845087	22.583008
11.844518	22.484064
11.844063	22.265911
11.843960	22.379160
11.843963	22.280216
11.843648	22.127628
11.843507	22.253990
11.843526	22.041798
11.843394	22.096634
11.842754	22.319555
11.842440	22.227764
11.842470	22.299290
11.842500	22.398233
11.841481	22.493601
11.841383	22.758245
11.841292	22.790432
11.841296	22.610426
11.840728	22.680759
11.840348	22.535324
11.840344	22.684336
11.840218	22.873878
11.839883	22.928715
11.839712	22.810698
11.840024	23.131371
11.838038	22.912025
11.837777	23.022890
11.837612	22.981167
11.837638	22.927523
11.836951	23.217201
11.836699	23.099184
11.836858	23.286343
11.836624	23.422241
11.836100	23.365021
11.835677	23.496151
11.835598	23.531914
11.835511	23.404360
11.835161	23.539066
11.835035	23.406744
11.835012	23.573637
11.835033	24.026632
11.832944	24.685860
11.832430	24.576187
11.831916	24.582148
11.832010	24.565458
11.831905	24.379492
11.831592	24.598837
11.831264	24.393797
11.831293	24.398565
11.831243	24.738312
11.830825	24.569035
11.830449	24.790764
11.830289	24.747849
11.830311	24.598837
11.829620	24.586916
11.829360	24.712086
11.829292	24.499893
11.829309	24.609566
11.828641	24.596453
11.828311	24.411678
11.828305	24.453402
11.828185	24.377108
11.827898	24.278164
11.827644	24.614334
11.827693	24.509430
11.827679	24.601221
11.827027	24.586916
11.826809	24.377108
11.826571	24.423599
11.826577	24.387836
11.825970	24.214983
11.825626	24.614334
11.825549	24.574995
11.825457	24.484396
11.824842	24.837255
11.824617	24.677515
11.824456	24.671555
11.824480	24.734735
11.824246	24.524927
11.824154	24.681091
11.823967	24.428368
11.823955	24.541616
11.823168	24.698973
11.822831	24.640560
11.822916	24.598837
11.822923	24.830103
11.821903	24.468899
11.821767	24.672747
11.821544	24.423599
11.821006	24.377108
11.820278	24.106503
11.820218	24.118423
11.819961	24.052858
11.819440	24.118423
11.819302	24.253130
11.819280	23.982525
11.819049	23.936033
11.818437	23.766756
11.818267	23.683310
11.818108	23.905039
11.817913	23.822784
11.817404	23.812056
11.817265	23.949146
11.817222	23.728609
11.817077	23.666620
11.816830	23.612976
11.816691	23.353100
11.816605	23.314953
11.816285	23.208857
11.815676	23.050308
11.815613	23.242235
11.815552	23.005009
11.815455	23.237467
11.814758	23.133755
11.814635	22.811890
11.814534	22.673607
11.814285	22.368431
11.813796	22.380352
11.813548	22.616386
11.813560	22.513866
11.813421	22.697449
11.813201	22.594929
11.812951	22.395849
11.812987	22.264719
11.812610	22.447109
11.812108	22.203922
11.812029	22.277832
11.811931	22.424459
11.811377	22.391081
11.811122	22.572279
11.810996	22.556782
11.810911	22.408962
11.810148	22.541285
11.809870	22.239685
11.809847	22.304058
11.809859	22.602081
11.809420	22.579432
11.809380	22.538900
11.809368	22.767782
11.809372	22.656918
11.808479	22.718906
11.808351	22.854805
11.808410	22.695065
11.808373	22.640228
11.807325	22.578239
11.807136	22.526979
11.807262	22.673607
11.807057	22.737980
11.806304	22.541285
11.806251	22.441149
11.806174	22.630692
11.806064	22.412539
11.805568	22.577047
11.805469	22.487640
11.805216	22.591352
11.804736	22.383928
11.804600	22.642612
11.804612	22.969246
11.804255	22.913218
11.803793	22.952557
11.803567	22.945404
11.803210	23.162365
11.803123	23.174286
11.802894	23.332834
11.802153	23.490191
11.801976	23.643970
11.801943	23.490191
11.801626	23.611784
11.801155	23.745298
11.801173	23.875237
11.800937	23.952723
11.800709	23.884773
11.800033	24.030209
11.799836	24.157763
11.799915	23.869276
11.799737	23.940802
11.799457	23.796558
11.799383	23.843050
11.799326	24.013519
11.798985	24.030209
11.798590	24.253130
11.798391	24.263859
11.798308	24.086237
11.798122	24.179220
11.797345	24.201870
11.797151	24.087429
11.797131	24.375916
11.797032	24.522543
11.796798	24.719238
11.796849	24.904013
11.796655	24.626255
11.796429	24.697781
11.795860	24.820566
11.795815	24.813414
11.795758	25.192499
11.795400	25.066137
11.794864	25.142431
11.794745	25.258064
11.794653	25.199652
11.794626	25.444031
11.794272	25.509596
11.794101	25.709867
11.794093	25.825500
11.794115	25.764704
11.793269	25.776625
11.793053	25.581121
11.793063	25.690794
11.792485	25.607347
11.792103	25.858879
11.792000	25.557280
11.791915	25.796890
11.791451	25.533438
11.791001	25.465488
11.790980	25.196075
11.790935	25.049448
11.790610	24.939775
11.790369	25.024414
11.790345	24.871826
11.790351	24.756193
11.789840	24.850368
11.789415	24.714470
11.789443	24.708509
11.789317	24.607182
11.788708	24.430752
11.788427	24.379492
11.788277	24.530888
11.788282	24.249554
11.788029	24.402142
11.787939	24.300814
11.787809	24.234056
11.787916	24.418831
11.786994	24.398565
11.786907	24.437904
11.786605	24.567842
11.786758	24.391413
11.786060	24.404526
11.785757	24.378300
11.785705	24.193525
11.785799	24.380684
11.785255	24.263859
11.785294	24.249554
11.785203	24.439096
11.785277	24.228096
11.784567	24.425983
11.784293	24.399757
11.784195	23.912191
11.784187	23.999214
11.783471	23.977757
11.783176	23.725033
11.783171	23.809671
11.783122	23.751259
11.782637	23.611784
11.782638	23.546219
11.782758	23.778677
11.782070	23.856163
11.780578	24.151802
11.780524	24.125576
11.780469	24.167299
11.780207	24.451017
11.780062	24.386644
11.780051	24.350882
11.779980	24.504662
11.779335	24.245977
11.779038	24.579763
11.778986	24.328232
11.778939	24.448633
11.778173	24.659634
11.778019	24.632215
11.777920	24.585724
11.777911	24.850368
11.777518	24.803877
11.777346	24.787188
11.777342	24.939775
11.777185	24.774075
11.776466	24.671555
11.776354	24.844408
11.776388	24.566650
11.775989	24.621487
11.775335	24.427176
11.775325	24.398565
11.775326	24.455786
11.775048	24.468899
11.774839	24.393797
11.774781	24.566650
11.773924	24.371147
11.773717	24.474859
11.773663	24.447441
11.773676	24.456978
11.773019	24.859905
11.772648	24.617910
11.772594	24.701357
11.772596	24.914742
11.772381	24.608374
11.772058	24.816990
11.772040	24.567842
11.772182	24.735928
11.771282	24.869442
11.771139	24.926662
11.771037	24.880171
11.770944	25.184155
11.770234	24.998188
11.770067	25.064945
11.770126	25.073290
11.769914	24.856329
11.769609	24.745464
11.769466	24.535656
11.769491	24.492741
11.769413	24.647713
11.768529	24.532080
11.768367	24.482012
11.768492	24.397373
11.768457	24.062395
11.767680	23.953915
11.767359	24.036169
11.767424	23.741722
11.767331	23.721457
11.766994	23.601055
11.766791	23.524761
11.766879	23.691654
11.766783	23.517609
11.766102	23.643970
11.765882	23.477077
11.765647	23.372173
11.765630	23.404360
11.764959	23.424625
11.764747	22.889376
11.764722	23.343563
11.764734	23.142099
11.764406	23.187399
11.764206	23.497343
11.764206	23.458004
11.764326	23.514032
11.763354	23.627281
11.763241	23.393631
11.763031	23.552179
11.763220	23.407936
11.762327	23.300648
11.762089	23.684502
11.762231	23.661852
11.762090	23.891926
11.761653	23.694038
11.761613	23.449659
11.761571	23.509264
11.761404	23.472309
11.760850	23.397207
11.760615	23.518801
11.760525	23.437738
11.760533	23.480654
11.759503	23.585558
11.759520	23.300648
11.759446	23.474693
11.759341	23.423433
11.759070	22.909641
11.759002	23.099184
11.758988	22.913218
11.758783	22.768974
11.757998	22.828579
11.757909	22.617579
11.757875	22.592545
11.757414	22.608042
11.756895	22.448301
11.756831	22.486448
11.756759	22.630692
11.756624	22.439957
11.755129	22.256374
11.755140	22.101402
11.754044	21.617413
11.753733	21.513700
11.753700	21.907091
11.753538	21.715164
11.753561	21.677017
11.752868	21.737814
11.752138	21.253824
11.750968	21.165609
11.750813	21.241903
11.750261	21.017790
11.749975	20.971298
11.749938	21.136999
11.749737	21.198988
11.749468	20.910501
11.749342	20.917654
11.749331	20.775795
11.748838	20.684004
11.748432	20.838976
11.748427	20.695925
11.748486	20.704269
11.747659	20.904541
11.747441	20.759106
11.747335	20.766258
11.747324	20.828247
11.746997	20.560026
11.746752	20.710230
11.746763	20.437241
11.746636	20.389557
11.746171	20.791292
11.746042	20.574331
11.745962	20.668507
11.745739	20.740032
11.745206	20.539761
11.744854	20.517111
11.744681	20.242929
11.744718	20.211935
11.744416	20.556450
11.744310	20.340681
11.744326	20.258427
11.744273	20.422935
11.743539	20.203590
11.743225	20.279884
11.743148	20.083189
11.742714	19.770861
11.742740	19.873381
11.742693	19.593239
11.742611	19.574165
11.742518	19.572973
11.741794	19.310713
11.741652	19.205809
11.741519	19.599199
11.741609	19.341707
11.740008	19.266605
11.739920	19.434690
11.740055	19.145012
11.739467	19.340515
11.739013	19.268990
11.738818	19.561052
11.738884	19.786358
11.738432	19.643307
11.737979	19.769669
11.737894	20.022392
11.737845	19.661188
11.737615	19.927025
11.737342	20.174980
11.736515	20.366907
11.736331	20.332336
11.736327	20.564795
11.736217	20.506382
11.735931	20.318031
11.735808	20.432472
11.735667	20.388365
11.735641	20.272732
11.734944	20.523071
11.734888	20.426512
11.734718	20.575523
11.734599	20.608902
11.734034	20.434856
11.733767	20.364523
11.733668	20.253658
11.733692	20.229816
11.733294	20.343065
11.733132	20.397902
11.733232	20.596981
11.733255	20.477772
11.732234	20.357370
11.732122	20.374060
11.732153	20.147562
11.732133	20.148754
11.731775	20.414591
11.731590	20.384789
11.731564	20.376444
11.731480	20.614862
11.730751	20.500422
11.730507	20.571947
11.730527	20.720959
11.730282	20.620823
11.729665	20.551682
11.729420	20.719767
11.729317	20.556450
11.729333	20.644665
11.729038	20.759106
11.729025	20.898581
11.728880	21.157265
11.728873	21.212101
11.728125	21.243095
11.727947	21.476746
11.727901	21.358728
11.727858	21.631718
11.727454	21.768808
11.727394	21.941662
11.727356	21.978617
11.727342	22.070408
11.726556	22.298098
11.726374	22.509098
11.726329	22.517443
11.726367	22.892952
11.725681	23.100376
11.725160	23.214817
11.725272	23.607016
11.725240	23.633242
11.724605	23.807287
11.724700	23.944378
11.724691	23.936033
11.724849	24.225712
11.723687	24.781227
11.723444	24.814606
11.722130	25.081635
11.722041	24.973154
11.721253	25.117397
11.721312	25.057793
11.720548	24.721622
11.720494	24.628639
11.720333	24.698973
11.719730	24.448633
11.719515	24.665594
11.719535	24.534464
11.719282	24.586916
11.718552	24.731159
11.718469	24.603605
11.718459	24.772882
11.718313	24.932623
11.717925	24.682283
11.717852	24.758577
11.717860	24.740696
11.717540	24.638176
11.716936	24.785995
11.716863	24.777651
11.716926	24.719238
11.716557	24.919510
11.716450	24.957657
11.716318	24.994612
11.716358	25.314093
11.715899	25.171041
11.715340	25.298595
11.715155	25.136471
11.715241	25.510788
11.714365	25.293827
11.714410	25.495291
11.714290	25.414228
11.714071	25.299788
11.713803	25.335550
11.713619	25.123358
11.713684	25.126934
11.713570	25.373697
11.712626	25.186539
11.712813	25.248528
11.712634	25.310516
11.712547	24.979115
11.712197	25.012493
11.712021	24.738312
11.712227	24.858713
11.711792	24.935007
11.711281	24.720430
11.711163	24.783611
11.711140	24.670362
11.710239	24.328232
11.710123	24.189949
11.709886	24.275780
11.709599	24.220943
11.709575	24.006367
11.709563	24.226904
11.709166	24.026632
11.708811	23.961067
11.708462	24.133921
11.708511	23.912191
11.708311	23.797750
11.708024	23.878813
11.707965	23.549795
11.707972	23.647547
11.707492	23.419857
11.706908	23.443699
11.706993	23.527145
11.706853	23.597479
11.706039	23.372173
11.705795	23.279190
11.705670	23.437738
11.705811	23.249388
11.705419	23.219585
11.705342	23.455620
11.705245	23.031235
11.705116	23.133755
11.704451	22.708178
11.704052	22.894144
11.704142	23.266077
11.704084	23.117065
11.703772	23.285151
11.703745	23.237467
11.703703	22.984743
11.703584	22.997856
11.702765	22.978783
11.702735	22.784472
11.702666	22.845268
11.702403	22.784472
11.701808	22.665262
11.701669	22.991896
11.701637	22.817850
11.701601	22.901297
11.701202	22.939444
11.701207	22.736788
11.701126	22.798777
11.700482	22.827387
11.700093	22.814274
11.700018	22.593737
11.699478	22.664070
11.699221	22.828579
11.698605	22.583008
11.698616	22.689104
11.698503	22.722483
11.698247	22.491217
11.697953	22.528172
11.696870	22.709370
11.696806	22.487640
11.696867	22.579432
11.696070	22.417307
11.695879	22.265911
11.695823	22.444725
11.695847	22.256374
11.695388	22.200346
11.695412	22.497177
11.695260	22.410154
11.693976	22.206306
11.693817	22.460222
11.693782	22.238493
11.693827	22.373199
11.692759	22.358894
11.692694	22.059679
11.692704	22.177696
11.692627	21.985769
11.691882	22.034645
11.691623	22.073984
11.691692	22.017956
11.691591	22.162199
11.691199	22.025108
11.691096	21.957159
11.690906	21.929741
11.690988	21.945238
11.690424	21.725893
11.690065	21.959543
11.689978	21.847486
11.689996	21.958351
11.689617	22.003651
11.689480	21.835566
11.689498	21.921396
11.689507	21.865368
11.688718	21.668673
11.688487	21.920204
11.688422	22.050142
11.688360	21.697283
11.687923	21.810532
11.687877	21.739006
11.687857	21.724701
11.687548	21.818876
11.686874	21.735430
11.686673	21.731853
11.686795	21.886826
11.686293	21.886826
11.685734	21.703243
11.685854	22.110939
11.685746	21.851063
11.685559	22.186041
11.685202	22.128820
11.685396	21.924973
11.685314	22.004843
11.684744	21.758080
11.684359	21.725893
11.684228	22.097826
11.684162	22.073984
11.683901	22.033453
11.683758	22.234917
11.683693	22.008419
11.683624	22.180080
11.682268	21.977425
11.682167	22.108555
11.682195	22.041798
11.682020	21.847486
11.680602	21.979809
11.679880	22.163391
11.679830	22.124052
11.679982	22.093058
11.679675	22.268295
11.679624	22.091866
11.679521	22.203922
11.679368	22.330284
11.678732	22.150278
11.678492	22.265911
11.678404	22.433996
11.678422	22.102594
11.678004	22.258759
11.678002	22.270679
11.678025	22.314787
11.678018	22.456646
11.676396	22.780895
11.675831	22.617579
11.675410	22.736788
11.675275	22.498369
11.675352	22.459030
11.674526	22.798777
11.674357	22.631884
11.674292	22.742748
11.674259	23.113489
11.674065	23.027658
11.673695	22.972822
11.673718	23.232698
11.673727	22.897720
11.673110	23.012161
11.672877	22.944212
11.672787	22.939444
11.672648	23.151636
11.672402	23.182631
11.672185	23.266077
11.672057	23.313761
11.672074	23.097992
11.671606	23.225546
11.671219	23.324490
11.671078	23.307800
11.671049	23.556948
11.670582	23.381710
11.670048	23.430586
11.670062	23.437738
11.669966	23.293495
11.669782	23.453236
11.669521	23.521185
11.669485	23.417473
11.669476	23.472309
11.668998	23.568869
11.668517	23.864508
11.668530	23.792982
11.668486	23.596287
11.668249	23.695230
11.667982	23.734570
11.667901	23.571253
11.667932	23.785830
11.667479	23.760796
11.666997	23.704767
11.667044	23.878813
11.666821	23.763180
11.666644	23.802519
11.666419	23.919344
11.666619	23.591518
11.666379	23.764372
11.665940	23.730993
11.665480	23.776293
11.665264	23.974180
11.665368	23.832321
11.664947	23.727417
11.664422	23.611784
11.664344	23.607016
11.664264	23.909807
11.664178	23.713112
11.664033	23.950338
11.663687	23.924112
11.663716	23.614168
11.663542	23.732185
11.662765	23.474693
11.662630	23.622513
11.662625	23.934841
11.662776	23.881197
11.662259	23.910999
11.662122	23.789406
11.662080	23.566484
11.662040	23.671389
11.661319	23.692846
11.661135	23.423433
11.661200	23.543835
11.660900	23.527145
11.660715	23.422241
11.660463	23.512840
11.660634	23.444891
11.660409	23.338795
11.659702	23.255348
11.659633	23.082495
11.659475	23.176670
11.659524	23.185015
11.658759	23.086071
11.658497	23.256540
11.658488	22.995472
11.658366	23.041964
11.657990	22.619963
11.658087	22.557974
11.657998	22.865534
11.657893	22.686720
11.657205	22.556782
11.656937	22.742748
11.656856	22.535324
11.656803	22.585392
11.656393	22.666454
11.656631	22.351742
11.656407	22.387505
11.656345	22.139549
11.655491	22.177696
11.655341	22.451878
11.655353	22.280216
11.655227	22.450686
11.654445	22.403002
11.654252	22.202730
11.654306	22.248030
11.654131	22.311211
11.653928	22.091866
11.653786	22.166967
11.653788	22.068024
11.653623	22.200346
11.652934	22.242069
11.652860	22.083521
11.652711	22.152662
11.652671	22.196770
11.652253	21.889210
11.652246	21.928549
11.652196	21.936893
11.651830	21.839142
11.651501	22.106171
11.651268	21.899939
11.651168	22.119284
11.651084	22.093058
11.650721	21.893978
11.650658	21.909475
11.650669	21.936893
11.650175	21.842718
11.649723	21.885633
11.649674	21.901131
11.649652	21.613836
11.649066	21.846294
11.648700	21.857023
11.648656	21.623373
11.648578	21.667480
11.648032	21.617413
11.646433	21.212101
11.646479	21.600723
11.646411	21.587610
11.645989	21.580458
11.645503	21.448135
11.645485	21.319389
11.645342	21.355152
11.644809	21.164417
11.644410	21.159649
11.644338	21.241903
11.644356	21.251440
11.644122	21.177530
11.643868	21.322966
11.643864	21.320581
11.643767	21.359921
11.643174	21.563768
11.642847	21.159649
11.642831	21.243095
11.642737	21.324158
11.642542	21.142960
11.642337	21.548271
11.642263	21.418333
11.641438	21.274090
11.641244	21.483898
11.641229	21.339655
11.640561	21.307468
11.640165	21.497011
11.640241	21.530390
11.640104	21.406412
11.639875	21.569729
11.639655	21.643639
11.639600	21.637678
11.639575	21.885633
11.638753	21.718740
11.638702	21.818876
11.638612	21.599531
11.638594	21.667480
11.638226	21.950006
11.638039	21.876097
11.638084	22.121668
11.638000	22.076368
11.637308	21.929741
11.637104	21.927357
11.636822	21.873713
11.636887	21.682978
11.636552	21.821260
11.636461	21.871328
11.636408	21.923780
11.636420	22.083521
11.635926	21.836758
11.635536	21.909475
11.635291	22.063255
11.635457	21.847486
11.634924	22.008419
11.634400	21.928549
11.634391	21.902323
11.634373	22.248030
11.634005	22.156239
11.633837	22.201538
11.633794	22.425652
11.633831	22.313595
11.633148	22.382736
11.632917	22.510290
11.632798	22.408962
11.632738	22.444725
11.632346	22.387505
11.632287	22.526979
11.632330	22.610426
11.632208	22.407770
11.631446	22.540092
11.631278	22.876263
11.631214	22.869110
11.631159	23.099184
11.630490	23.046732
11.630129	22.981167
11.630053	23.026466
11.630183	23.016930
11.629711	22.944212
11.629606	23.076534
11.629591	22.866726
11.629418	22.817850
11.628686	23.103952
11.628456	23.177862
11.628500	23.319721
11.628476	23.386478
11.628069	22.972822
11.628317	23.202896
11.627864	22.994280
11.627767	22.997856
11.627173	23.149252
11.626631	23.128986
11.626546	23.156404
11.626521	22.861958
11.626562	23.012161
11.625609	22.934675
11.625514	22.848845
11.625220	23.039579
11.625403	22.692680
11.624637	22.701025
11.624460	23.142099
11.624383	23.045540
11.624299	22.711754
11.623964	22.935867
11.623840	22.879839
11.623781	22.910833
11.623774	23.057461
11.623004	22.870302
11.622754	22.937059
11.622739	22.753477
11.622750	22.677183
11.622311	22.916794
11.622204	22.766590
11.622291	22.919178
11.622228	23.195744
